Private-accesses:551689
Remote-accesses:30336
Off-chip-accesses:1530
Total-accesses:583555
Replacement-writebacks:0
Coherence-writebacks:14739
Invalidations-sent:15311
Average-latency:3.9487143456914944
Priv-average-latency:3.0
Rem-average-latency:20.44287315400844
Off-chip-average-latency:19.0
Total-latency:2304292
