Private-accesses:128512
Remote-accesses:393
Off-chip-accesses:67703
Total-accesses:196608
Replacement-writebacks:63825
Coherence-writebacks:195
Invalidations-sent:0
Average-latency:10.790873209635416
Priv-average-latency:2.0
Rem-average-latency:29.017811704834607
Off-chip-average-latency:27.3716674298037
Total-latency:2121572
